step,x,y,z,vx,vy,vz,immersion,fluid_vx,fluid_vy,fluid_vz,fluid_ax,fluid_ay,fluid_az,fluid_executed,particle_ms
0,0.00041459524072706699,1.5651717185974121,0.00013978543574921787,-9.6260220743715763e-05,0.1563543975353241,-0.0015602834755554795,1,0.0015494449762627482,-0.00092430971562862396,-0.0011975438101217151,-0.0045612496323883533,-0.05443955585360527,-0.047177355736494064,1,46.882485000000003
1,0.00041147248703055084,1.5702975988388062,8.8175562268588692e-05,-0.00018736475612968206,0.30755409598350525,-0.0030965921469032764,1,0.0014722615014761686,-0.0018206586828455329,-0.001985619543120265,-0.0044207340106368065,-0.054420441389083862,-0.047218948602676392,0,0
2,0.00039566273335367441,1.5778475999832153,6.4439613197464496e-05,-0.00094858498778194189,0.4530005156993866,-0.0014241569442674518,1,0.00072077754884958267,-0.0034922384656965733,0.00040547930984757841,-0.024534104391932487,-0.077421277761459351,0.048312578350305557,1,45.620305000000002
3,0.00036747718695551157,1.5877412557601929,6.7982356995344162e-05,-0.0016911334823817015,0.59361755847930908,0.00021256483159959316,1,0.00031231113825924695,-0.0047813886776566505,0.0011970556806772947,-0.02431366965174675,-0.078004837036132812,0.048100568354129791,0,0
4,0.00032994843786582351,1.5999845266342163,6.3522340497002006e-05,-0.0022517251782119274,0.73459452390670776,-0.00026760110631585121,1,7.3394548962824047e-05,-0.0010722134029492736,-0.00010788855433929712,-0.019182056188583374,0.072374030947685242,-0.014567380771040916,1,46.738748999999999
5,0.00028320465935394168,1.6145009994506836,5.1380869990680367e-05,-0.002804627176374197,0.87098884582519531,-0.00072848825948312879,1,-0.00025215683854185045,0.00015140511095523834,-0.00035034731263294816,-0.01918254978954792,0.072344250977039337,-0.014211127534508705,0,0
6,0.00025323504814878106,1.6311758756637573,3.966605436289683e-05,-0.0017981762066483498,1.0004937648773193,-0.00070288882125169039,1,0.00097546010510995984,-0.0011038277298212051,-0.00011952326894970611,0.027373142540454865,-0.0013760343426838517,0.00017478624067734927,1,45.975634999999997
7,0.00023922123364172876,1.6499392986297607,2.8045373255736195e-05,-0.00084082898683845997,1.1258072853088379,-0.00069724081549793482,1,0.0013777792919427156,-0.0010226826416328549,-0.00015387395978905261,0.026464410126209259,0.00022822601022198796,-0.00038308449438773096,0,0
8,0.00019855693972203881,1.6707123517990112,1.4050048775970936e-05,-0.0024398572277277708,1.2463806867599487,-0.00083971943240612745,1,-0.00076368346344679594,-0.0015900193247944117,-0.00034715307992883027,-0.049675270915031433,-0.018793944269418716,-0.0047752270475029945,1,44.578167000000001
9,0.00013228488387539983,1.6934276819229126,-1.7289821698796004e-06,-0.0039763231761753559,1.3629217147827148,-0.00094674178399145603,1,-0.0015852665528655052,-0.0019173033069819212,-0.00041408228571526706,-0.04852532222867012,-0.020927168428897858,-0.0037523075006902218,0,0
10,7.7521603088825941e-05,1.718039870262146,2.727636274357792e-05,-0.0032857963815331459,1.4767301082611084,0.001740320585668087,1,-0.00020176451653242111,-0.0011683313641697168,0.0023033914621919394,0.017579792067408562,0.012060452252626419,0.080039307475090027,1,44.743340000000003
11,3.4216205676784739e-05,1.7444877624511719,0.0001001829223241657,-0.0025983236264437437,1.5868767499923706,0.0043743932619690895,1,9.1895490186288953e-05,-0.00085301703074947,0.0036167539656162262,0.017888622358441353,0.013890150934457779,0.079792581498622894,0,0
12,-2.7376223442843184e-05,1.7727240324020386,0.00015279959188774228,-0.0036955457180738449,1.6941726207733154,0.0031569995917379856,1,-0.001385429291985929,0.00019670062465593219,0.0011130047496408224,-0.035265713930130005,0.036399379372596741,-0.034443363547325134,1,44.833007000000002
13,-0.00010673208453226835,1.8026895523071289,0.00018541759345680475,-0.0047613512724637985,1.79793381690979,0.001957079628482461,1,-0.0019574419129639864,0.00083698879461735487,0.00050909712444990873,-0.034825343638658524,0.035222083330154419,-0.034525211900472641,0,0
14,-0.00016068240802269429,1.8342722654342651,0.00021730213484261185,-0.0032370192930102348,1.8949618339538574,0.0019130725413560867,1,4.7034449380589649e-05,-0.0018900331342592835,0.0010349642252549529,0.042390547692775726,-0.065336145460605621,-0.00042730628047138453,1,49.983794000000003
15,-0.00018963118782266974,1.8674191236495972,0.00024905632017180324,-0.0017369270790368319,1.9888137578964233,0.001905250595882535,1,0.0007693867664784193,-0.0028723017312586308,0.0010422307532280684,0.04245421290397644,-0.06418164074420929,0.00064290885347872972,0,0
16,-0.00019039089966099709,1.9021408557891846,0.00026802875800058246,-4.5582535676658154e-05,2.0833053588867188,0.0011383468518033624,1,0.0017149572959169745,-0.00011557579273357987,0.00027816111105494201,0.048950120806694031,0.048281159251928329,-0.022132430225610733,1,52.501766000000003
17,-0.00016294898523483425,1.9383865594863892,0.00027465063612908125,0.0016465145163238049,2.1747419834136963,0.00039731347351334989,1,0.0025921373162418604,0.00080638425424695015,-8.2674814620986581e-05,0.049801349639892578,0.048673678189516068,-0.021742921322584152,0,0
18,-0.00014966755406931043,1.9760353565216064,0.00031999361817725003,0.00079688592813909054,2.2589271068572998,0.0027205783408135176,1,0.0009521805914118886,-0.0025720570702105761,0.0026056356728076935,-0.025646768510341644,-0.079830899834632874,0.069814823567867279,1,44.458210000000001
19,-0.0001509633002569899,2.0150387287139893,0.0004023286746814847,-7.7744887676090002e-05,2.3402054309844971,0.0049401023425161839,1,0.00051087583415210247,-0.0039707333780825138,0.0036693804431706667,-0.026837464421987534,-0.082966335117816925,0.06787785142660141,0,0
20,-0.00013415800640359521,2.0553984642028809,0.00046513936831615865,0.0010083173401653767,2.4215800762176514,0.0037686415016651154,1,0.0020201627630740404,-0.0025978048797696829,0.0013617755612358451,0.031552966684103012,0.0012780348770320415,-0.032696399837732315,1,44.161327999999997
21,-9.7787822596728802e-05,2.0970706939697266,0.00050893943989649415,0.0021822107955813408,2.5003283023834229,0.00262800557538867,1,0.0027107265777885914,-0.002566491486504674,0.00075062364339828491,0.03467937558889389,0.0025293275248259306,-0.03231004998087883,0,0
22,-9.4521739811170846e-05,2.1400268077850342,0.00054169888608157635,0.00019596506899688393,2.5773723125457764,0.0019655672367662191,0.99999648332595825,0.00024950728402473032,-0.001675550127401948,0.0005957592511549592,-0.059642024338245392,0.028861319646239281,-0.018480323255062103,1,45.892443
23,-0.00012303699622862041,2.1842236518859863,0.00056497595505788922,-0.0017109152395278215,2.6518142223358154,0.0013966237893328071,0.99972796440124512,-0.00056917831534519792,-0.0012729966547340155,0.00032784082577563822,-0.058382943272590637,0.027986403554677963,-0.015986159443855286,0,0
24,-0.00015006604371592402,2.2296340465545654,0.00058049097424373031,-0.0016217427328228951,2.7246284484863281,0.00093089963775128126,0.99931025505065918,0.00056979869259521365,1.415692713635508e-05,0.00015317197539843619,0.00044856840395368636,0.054823603481054306,-0.013190544210374355,1,44.456034000000002
25,-0.00017710727115627378,2.276219367980957,0.00058764847926795483,-0.0016224738210439682,2.79512619972229,0.00042944989399984479,0.99880266189575195,0.00059610232710838318,0.0010841984767466784,-0.00013221868721302599,-0.0022778820712119341,0.059418272227048874,-0.014490402303636074,0,0
26,-0.00015718780923634768,2.3238821029663086,0.00060295575531199574,0.0011951674241572618,2.8597612380981445,0.00091843644622713327,0.98991847038269043,0.0034583916421979666,0.00051232124678790569,0.00057361996732652187,0.08308912068605423,0.010708888992667198,0.01516956090927124,1,44.732832000000002
27,-9.1017922386527061e-05,2.3725051879882812,0.00062513549346476793,0.0039701932109892368,2.9173884391784668,0.0013307847548276186,0.96770995855331421,0.0049847601912915707,0.0006695467745885253,0.00070521689485758543,0.084997527301311493,0.0094442823901772499,0.013418984599411488,0,0
28,-3.1930623663356528e-05,2.4219179153442383,0.00061282131355255842,0.0035452377051115036,2.9647622108459473,-0.00073885126039385796,0.94085830450057983,0.0032244946341961622,-0.0019200352253392339,-0.0017787963151931763,-0.013224213384091854,-0.072429344058036804,-0.064935527741909027,1,45.281697000000001
29,2.0477349607972428e-05,2.4719967842102051,0.00056866212980821729,0.0031444781925529242,3.0047266483306885,-0.0026495519559830427,0.91340672969818115,0.0031164113897830248,-0.0031720795668661594,-0.0028368930798023939,-0.01313407439738512,-0.07323881983757019,-0.062564976513385773,0,0
30,4.5588465582113713e-05,2.5226325988769531,0.00055985513608902693,0.0015066667692735791,3.0381488800048828,-0.00052841904107481241,0.88559234142303467,0.0015858022961765528,-0.0037291180342435837,0.00053111219312995672,-0.055562209337949753,-0.051912210881710052,0.070779383182525635,1,44.688721999999999
31,4.4729429646395147e-05,2.57370924949646,0.00058440357679501176,-5.1542068831622601e-05,3.0646052360534668,0.0014729046961292624,0.85746133327484131,0.00078824308002367616,-0.0045612351968884468,0.0016351210651919246,-0.055368952453136444,-0.050544809550046921,0.069855749607086182,0,0
32,8.2673635915853083e-05,2.6251249313354492,0.00055772537598386407,0.0022766520269215107,3.084942102432251,-0.0016006918158382177,0.82907330989837646,0.0045692338608205318,-0.0045457598753273487,-0.0032591419294476509,0.081921100616455078,-0.025292307138442993,-0.10953643918037415,1,43.869326000000001
33,0.00015763443661853671,2.6767692565917969,0.00048179697478190064,0.0044976472854614258,3.0986535549163818,-0.0045557031407952309,0.80050903558731079,0.0060601998120546341,-0.0048712478019297123,-0.0051774964667856693,0.081650771200656891,-0.023490173742175102,-0.11011228710412979,0,0
34,0.00024754760670475662,2.7285327911376953,0.00043519513565115631,0.0053947893902659416,3.1058082580566406,-0.0027961097657680511,0.77175295352935791,0.0059731272049248219,-0.0052264253608882427,-0.0012091116514056921,0.034288361668586731,-0.024820121005177498,0.066792279481887817,1,43.256169
35,0.00035136571386829019,2.7803077697753906,0.00041624452569521964,0.0062290863133966923,3.1065044403076172,-0.0011370361316949129,0.74299544095993042,0.0066237081773579121,-0.0057542957365512848,-0.00020094076171517372,0.033286944031715393,-0.029115712270140648,0.066040791571140289,0,0
36,0.00042629419476725161,2.8320369720458984,0.00042140611913055182,0.0044957087375223637,3.1037507057189941,0.00030969610088504851,0.71422010660171509,0.0037300866097211838,-0.0024641598574817181,0.00061763531994074583,-0.072033725678920746,0.085459627211093903,0.060456696897745132,1,43.440834000000002
37,0.0004736158880405128,2.8836178779602051,0.00044950703158974648,0.0028393021784722805,3.0948495864868164,0.001686053816229105,0.68548154830932617,0.0025698735844343901,-0.00097579148132354021,0.0015264973044395447,-0.072219856083393097,0.087468601763248444,0.060397487133741379,0,0
38,0.00051330256974324584,2.9349062442779541,0.00044764982885681093,0.0023812004365026951,3.0772960186004639,-0.0001114322803914547,0.65678977966308594,0.0030828653834760189,-0.0033620651811361313,-0.0022360992152243853,-0.021633988246321678,-0.029024625197052956,-0.079955153167247772,1,44.495072999999998
39,0.00054591393563896418,2.9858043193817139,0.00041722480091266334,0.0019566824194043875,3.0538866519927979,-0.0018255020258948207,0.62829619646072388,0.0027868438046425581,-0.0039244070649147034,-0.0036610602401196957,-0.021108880639076233,-0.030872035771608353,-0.079988785088062286,0,0
40,0.00055452744709327817,3.0362730026245117,0.00037904709461145103,0.00051680905744433403,3.028123140335083,-0.002290662145242095,0.60017067193984985,0.00077637349022552371,0.00099281023722141981,-0.0031532968860119581,-0.072235368192195892,0.13248409330844879,-0.02238006517291069,1,43.974805000000003
41,0.00054018007358536124,3.0862166881561279,0.00033347250428050756,-0.00086084171198308468,2.996626615524292,-0.0027344750706106424,0.5721326470375061,-0.00039260042831301689,0.0032348083332180977,-0.0036068151239305735,-0.072710394859313965,0.13377083837985992,-0.022390786558389664,0,0
42,0.00053952477173879743,3.1354527473449707,0.00027134575066156685,-3.9318110793828964e-05,2.9541637897491455,-0.0037276055663824081,0.54440373182296753,0.0022944000083953142,-0.0040790922939777374,-0.0050686486065387726,0.042915988713502884,-0.15485450625419617,-0.053374316543340683,1,43.604174
43,0.00055185903329402208,3.1838910579681396,0.00019316497491672635,0.00074005452916026115,2.9062981605529785,-0.004690845962613821,0.51705056428909302,0.0030718536581844091,-0.0069520785473287106,-0.0060624321922659874,0.042868278920650482,-0.16222572326660156,-0.05450507253408432,0,0
44,0.00056397344451397657,3.2315030097961426,0.00013226298324298114,0.00072686595376580954,2.8567240238189697,-0.0036541195586323738,0.4901716411113739,0.0023176912218332291,-0.0028731769416481256,-0.0031672341283410788,-0.002411077031865716,0.045698348432779312,0.062959924340248108,1,44.147579
45,0.00057597761042416096,3.2782020568847656,8.7489956058561802e-05,0.00072025088593363762,2.8019390106201172,-0.0026863818056881428,0.46372058987617493,0.0023043465334922075,-0.0021496571134775877,-0.0023108625318855047,-0.0020243583712726831,0.049094930291175842,0.062228519469499588,0,0
46,0.00059386633802205324,3.3238801956176758,5.8931356761604548e-05,0.0010733241215348244,2.7406847476959229,-0.0017135157249867916,0.43768376111984253,0.0030683656223118305,-0.0042605055496096611,-0.0013255950761958957,0.022190898656845093,-0.036737360060214996,0.066292047500610352,1,43.671576000000002
47,0.00061738328076899052,3.3684554100036621,4.5496599341277033e-05,0.0014110158663243055,2.6745071411132812,-0.00080608541611582041,0.41230708360671997,0.0034454367123544216,-0.0046882820315659046,-0.00042892619967460632,0.022522417828440666,-0.030997803434729576,0.065646044909954071,0,0
48,0.00064171699341386557,3.4118716716766357,1.4186574844643474e-05,0.0014600226422771811,2.6049809455871582,-0.0018786012660712004,0.38777506351470947,0.0031284899450838566,-0.0012675130274146795,-0.0043711164034903049,0.0021120845340192318,0.083415612578392029,-0.080465883016586304,1,43.451599000000002
49,0.00066713511478155851,3.4540472030639648,-3.3865788282128051e-05,0.0015250889118760824,2.5305356979370117,-0.002883141627535224,0.36365514993667603,0.0032364423386752605,0.00015752681065350771,-0.0058429352939128876,0.0036459264811128378,0.082406803965568542,-0.079892486333847046,0,0
50,0.00068979628849774599,3.4949014186859131,-8.3337909018155187e-05,0.0013596711214631796,2.4512467384338379,-0.0029683271422982216,0.34024614095687866,0.0026838288176804781,0.0014921772526577115,-0.0047812466509640217,-0.015916828066110611,0.078718304634094238,-0.0056876819580793381,1,43.575102999999999
51,0.00070977868745103478,3.534355640411377,-0.0001340846938546747,0.0011989432387053967,2.3672592639923096,-0.0030448068864643574,0.31754964590072632,0.0024386150762438774,0.0028560156933963299,-0.0049541834741830826,-0.016430770978331566,0.07879330962896347,-0.0053057810291647911,0,0
52,0.00073596637230366468,3.5723066329956055,-0.00017619811114855111,0.0015712624881416559,2.2770631313323975,-0.0025268048048019409,0.29562628269195557,0.0039220494218170643,-0.001113596954382956,-0.003069637343287468,0.03542037308216095,-0.081729024648666382,0.053112082183361053,1,43.225487999999999
53,0.00076799013186246157,3.6086812019348145,-0.00021032242511864752,0.0019214265048503876,2.1824779510498047,-0.0020474584307521582,0.27454254031181335,0.0045710066333413124,-0.0025700484402477741,-0.0022346009500324726,0.035601615905761719,-0.084398910403251648,0.052567459642887115,0,0
54,0.00080345611786469817,3.6434166431427002,-0.0002398435608483851,0.0021279603242874146,2.0841214656829834,-0.0017712683184072375,0.25438481569290161,0.0047496096231043339,-0.0022553163580596447,-0.0019987816922366619,0.021724069491028786,-0.032249975949525833,0.032800007611513138,1,43.146344999999997
55,0.0008422303362749517,3.6764440536499023,-0.00026494936901144683,0.0023264545015990734,1.9816381931304932,-0.0015063479077070951,0.23508746922016144,0.0051586809568107128,-0.0027963763568550348,-0.001501432154327631,0.022486891597509384,-0.031280826777219772,0.033802106976509094,0,0
56,0.00086919870227575302,3.7077233791351318,-0.00029502779943868518,0.0016181020764634013,1.8767610788345337,-0.0018047053599730134,0.21676674485206604,0.0015172071289271116,0.0038422443903982639,-0.0034562225919216871,-0.097933024168014526,0.18296617269515991,-0.039634454995393753,1,43.881540999999999
57,0.00088517286349087954,3.7371895313262939,-0.00032977689988911152,0.00095845130272209644,1.7679698467254639,-0.0020849467255175114,0.19938944280147552,-0.00013947358820587397,0.007138493936508894,-0.004239245317876339,-0.098149009048938751,0.18812526762485504,-0.040003437548875809,0,0
58,0.0009103114134632051,3.7647528648376465,-0.00036422148696146905,0.0015083113685250282,1.6538068056106567,-0.002066674642264843,0.18306148052215576,0.0043610637076199055,0.0019319143611937761,-0.0035250021610409021,0.087249226868152618,-0.067762233316898346,0.0044572162441909313,1,44.000357999999999
59,0.00094410579185932875,3.7903552055358887,-0.00039829997695051134,0.0020276613067835569,1.5361354351043701,-0.0020447091665118933,0.16774864494800568,0.0058660418726503849,0.00062545726541429758,-0.0035058562643826008,0.08903089165687561,-0.074265457689762115,0.0053935153409838676,0,0
60,0.00097759033087641001,3.8139503002166748,-0.00042996424599550664,0.0020090735051780939,1.4157072305679321,-0.0018998567247763276,0.15361064672470093,0.0041920430958271027,0.0024622930213809013,-0.0026974319480359554,-0.0058187516406178474,0.01874801330268383,0.029089145362377167,1,42.895386999999999
61,0.00101077975705266,3.8354866504669189,-0.00045941935968585312,0.00199136883020401,1.292184591293335,-0.0017673074034973979,0.14050237834453583,0.0040968311950564384,0.002709381515160203,-0.0022902830969542265,-0.0058906981721520424,0.018444754183292389,0.028826063498854637,0,0
62,0.0010422624181956053,3.8549063205718994,-0.0004887311952188611,0.0018889561761170626,1.1651740074157715,-0.0017587098991498351,0.12858954071998596,0.0033421169500797987,-0.0018650292186066508,-0.0027408299501985312,-0.025349190458655357,-0.12741425633430481,0.0029900360386818647,1,43.596150000000002
63,0.0010721855796873569,3.8721663951873779,-0.00051793822785839438,0.0017953928327187896,1.0356042385101318,-0.0017524219583719969,0.11780094355344772,0.002933780662715435,-0.0040410561487078667,-0.0027712304145097733,-0.02496810257434845,-0.12738743424415588,0.0026221340522170067,0,0
64,0.0011021791724488139,3.887242317199707,-0.00054829736473038793,0.0017996152164414525,0.9045487642288208,-0.001821548561565578,0.10831215232610703,0.0033339129295200109,0.00079666776582598686,-0.0034668254666030407,-0.00036755925975739956,0.081780396401882172,-0.017498256638646126,1,43.613805999999997
65,0.0011321934871375561,3.9000997543334961,-0.00057976739481091499,0.0018008616752922535,0.77144700288772583,-0.0018882008735090494,0.099936753511428833,0.0032890457659959793,0.00231142807751894,-0.0038463366217911243,-0.0011165256146341562,0.085663758218288422,-0.018046965822577477,0,0
66,0.0011622178135439754,3.9107005596160889,-0.00061035947874188423,0.0018014601664617658,0.63604450225830078,-0.0018355260835960507,0.092726863920688629,0.0032349629327654839,-0.0016969995340332389,-0.0030064124148339033,-0.0012421333231031895,-0.080839648842811584,0.018214622512459755,1,44.514156999999997
67,0.001192275551147759,3.9190213680267334,-0.00064008793560788035,0.0018034641398116946,0.49924728274345398,-0.001783708343282342,0.086837641894817352,0.003217481542378664,-0.0030336622148752213,-0.0027280314825475216,-0.00072375335730612278,-0.081904672086238861,0.018847305327653885,0,0
68,0.0012253037421032786,3.925060510635376,-0.00066969968611374497,0.0019816900603473186,0.36235058307647705,-0.0017767046811059117,0.0823536217212677,0.0052710743620991707,0.006317350547760725,-0.0029478599317371845,0.061630729585886002,0.23763644695281982,0.0037240483798086643,1,43.218223999999999
69,0.001261215191334486,3.9288063049316406,-0.00069919059751555324,0.0021546836942434311,0.22474557161331177,-0.0017694541020318866,0.078998632729053497,0.0062903603538870811,0.01033191941678524,-0.0028988018166273832,0.061553820967674255,0.23840726912021637,0.0038842600770294666,0,0
70,0.0012925993651151657,3.9302303791046143,-0.00072848424315452576,0.0018830483313649893,0.085446923971176147,-0.0017576180398464203,0.076925978064537048,0.001728730509057641,-0.0030134532134979963,-0.0027845222502946854,-0.10577928274869919,-0.28325176239013672,0.0056441202759742737,1,43.589494999999999
71,0.001319441944360733,3.9293344020843506,-0.00075757474405691028,0.0016105574322864413,-0.053760550916194916,-0.0017454284243285656,0.076134912669658661,-3.3360673114657402e-05,-0.0077571640722453594,-0.0026890810113400221,-0.10572557896375656,-0.28389552235603333,0.0057479850947856903,0,0
72,0.0013465860392898321,3.9261465072631836,-0.00078680767910555005,0.001628644997254014,-0.19126997888088226,-0.0017539749387651682,0.076650671660900116,0.0019497465109452605,0.0026297534350305796,-0.0028602497186511755,0.0067577166482806206,0.16820716857910156,-0.0022373120300471783,1,43.066906000000003
73,0.0013740456197410822,3.9206829071044922,-0.00081617588875815272,0.001647572498768568,-0.32781627774238586,-0.0017620939761400223,0.078421801328659058,0.0020649072248488665,0.0054182433523237705,-0.0028843008913099766,0.0068227732554078102,0.16738949716091156,-0.0019822763279080391,0,0
74,0.0014067392330616713,3.9129559993743896,-0.00084665138274431229,0.0019616177305579185,-0.46361878514289856,-0.0018285306869074702,0.081425927579402924,0.0056882430799305439,0.00033979077124968171,-0.003601578064262867,0.11197295784950256,-0.069914668798446655,-0.022702055051922798,1,43.446371999999997
75,0.001444997382350266,3.902996301651001,-0.00087830057600513101,0.0022954861633479595,-0.59758144617080688,-0.0018989501986652613,0.085718736052513123,0.0075389165431261063,-0.00083541078492999077,-0.0039529516361653805,0.11159691959619522,-0.070048905909061432,-0.022588629275560379,0,0
76,0.0014812186127528548,3.8908488750457764,-0.00090710248332470655,0.0021732763852924109,-0.72884559631347656,-0.0017281159525737166,0.091543532907962799,0.0042679295875132084,0.0011316926684230566,-0.0016865752404555678,-0.042147573083639145,0.023018354550004005,0.055942963808774948,1,43.464047000000001
77,0.0015152618288993835,3.8765604496002197,-0.00093284342437982559,0.0020425941329449415,-0.85731083154678345,-0.0015444570453837514,0.098292194306850433,0.0035846165847033262,0.0014959827531129122,-0.00075016991468146443,-0.041430395096540451,0.022829249501228333,0.05525941401720047,0,0
78,0.0015460333088412881,3.8601796627044678,-0.00096001732163131237,0.0018462918233126402,-0.98284542560577393,-0.0016304324381053448,0.10613854974508286,0.0024144912604242563,-0.00095278414664790034,-0.0024378777015954256,-0.056053921580314636,-0.062716953456401825,-0.023491982370615005,1,44.173164
79,0.0015732011524960399,3.8417689800262451,-0.00098878471180796623,0.0016300700372084975,-1.1046479940414429,-0.0017260406166315079,0.11523906141519547,0.0014811031287536025,-0.0018812031485140324,-0.0028239334933459759,-0.056139405816793442,-0.059882111847400665,-0.023789536207914352,0,0
80,0.0015948597574606538,3.821397066116333,-0.0010115867480635643,0.0012995155993849039,-1.2223210334777832,-0.0013681199634447694,0.12545701861381531,-0.0001714613608783111,-0.0032055969350039959,0.00037348084151744843,-0.077570028603076935,-0.073249362409114838,0.08384278416633606,1,43.012585999999999
81,0.0016103975940495729,3.7991411685943604,-0.0010278940899297595,0.00093227007891982794,-1.3353471755981445,-0.00097843946423381567,0.13677479326725006,-0.0014909046003594995,-0.0043334709480404854,0.0017294517019763589,-0.078122377395629883,-0.073167242109775543,0.082757905125617981,0,0
82,0.0016338560963049531,3.7750871181488037,-0.0010507503757253289,0.0014075080398470163,-1.4432398080825806,-0.0013713736552745104,0.14920176565647125,0.0029241850133985281,-0.0053326203487813473,-0.0022794941905885935,0.094035632908344269,-0.070500053465366364,-0.078096881508827209,1,43.894855
83,0.0016660807887092233,3.7493269443511963,-0.001080698799341917,0.0019334841053932905,-1.5456149578094482,-0.0017969055334106088,0.16256517171859741,0.0044981059618294239,-0.0065445015206933022,-0.0035429163835942745,0.094492778182029724,-0.073192529380321503,-0.07677748054265976,0,0
84,0.0016927839023992419,3.7219712734222412,-0.001100598368793726,0.0016021833289414644,-1.6413435935974121,-0.0011939739342778921,0.17587344348430634,0.0010463227517902851,-0.0017437001224607229,0.0010999338701367378,-0.055954862385988235,0.10584620386362076,0.100545734167099,1,43.353588999999999
85,0.0017134191002696753,3.6931273937225342,-0.0011094964575022459,0.0012381086125969887,-1.730638861656189,-0.00053388322703540325,0.19107101857662201,0.00010378478327766061,-7.0539535954594612e-06,0.0027788819279521704,-0.056025311350822449,0.10472685098648071,0.10031729191541672,0,0
86,0.0017339505720883608,3.6628942489624023,-0.0011262519983574748,0.0012318886583670974,-1.8139884471893311,-0.0010053353616967797,0.20656999945640564,0.00099567300640046597,-0.0013422589981928468,-0.0011609650682657957,-0.00066628266358748078,0.011268037371337414,-0.068312458693981171,1,43.572688999999997
87,0.0017543263966217637,3.6313905715942383,-0.001151580479927361,0.0012225478421896696,-1.8902237415313721,-0.0015197091270238161,0.22336617112159729,0.00096077215857803822,-0.0010023369686678052,-0.0022882414050400257,-0.0009917897405102849,0.014129654504358768,-0.068313412368297577,0,0
88,0.0017690884415060282,3.5987527370452881,-0.0011707511730492115,0.00088572001550346613,-1.9582762718200684,-0.0011502419365569949,0.24109354615211487,-0.00041011630673892796,0.002162836492061615,0.00034529922413639724,-0.040611453354358673,0.098480939865112305,0.044472351670265198,1,43.695439
89,0.0017779652262106538,3.5651087760925293,-0.0011832404416054487,0.00053260440472513437,-2.0186355113983154,-0.000749357626773417,0.2592257559299469,-0.0010405225912109017,0.0036804690025746822,0.0011048297164961696,-0.039285860955715179,0.095323249697685242,0.044531811028718948,0,0
90,0.0017915451899170876,3.5305662155151367,-0.0011956584639847279,0.00081479811342433095,-2.0725517272949219,-0.00074507965473458171,0.27789923548698425,0.00060038425726816058,2.0643792595365085e-05,0.00033554591936990619,0.030679007992148399,-0.062308158725500107,-0.00062382523901760578,1,42.981323000000003
91,0.001810241024941206,3.4952592849731445,-0.0012080620508641005,0.0011217481223866343,-2.1184208393096924,-0.00074421719182282686,0.29708951711654663,0.0011296758893877268,-0.00093471119180321693,0.00031571381259709597,0.03098774142563343,-0.059662401676177979,-0.00097810081206262112,0,0
92,0.0018272813176736236,3.4593632221221924,-0.0012319927336648107,0.0010224204743281007,-2.1537692546844482,-0.0014358435291796923,0.31659168004989624,0.0003090460377279669,0.0055551091209053993,-0.0018566710641607642,-0.0086950678378343582,0.1627928763628006,-0.065114952623844147,1,42.929532999999999
93,0.001842461759224534,3.4230177402496338,-0.0012680180370807648,0.00091082474682480097,-2.1807355880737305,-0.0021615161094814539,0.3365340530872345,0.00016623071860522032,0.0081662256270647049,-0.0028935507871210575,-0.0091993073001503944,0.15992148220539093,-0.063953220844268799,0,0
94,0.0018533215625211596,3.3862717151641846,-0.0012962542241439223,0.0006515849381685257,-2.2047569751739502,-0.0016941714566200972,0.35675987601280212,-0.00038163570570759475,-0.0043372823856770992,-0.00052718899678438902,-0.020760126411914825,-0.29476547241210938,0.038125138729810715,1,43.035049000000001
95,0.0018598564201965928,3.349261999130249,-0.0013167012948542833,0.00039209402166306973,-2.2205758094787598,-0.0012268248246982694,0.37717434763908386,-0.00065457448363304138,-0.0090452749282121658,3.5551725886762142e-05,-0.019586313515901566,-0.28911808133125305,0.03590184822678566,0,0
96,0.0018596029840409756,3.3122236728668213,-0.0013304054737091064,-1.5203258953988552e-05,-2.2222955226898193,-0.00082225375808775425,0.39775380492210388,-0.0012638741172850132,0.0010791312670335174,0.00036447701859287918,-0.029462814331054688,0.15386383235454559,0.029319550842046738,1,44.093653000000003
97,0.0018521927995607257,3.2752952575683594,-0.0013369581429287791,-0.00044460943900048733,-2.2157063484191895,-0.00039316050242632627,0.41833066940307617,-0.001694168196991086,0.0037400252185761929,0.00082249438855797052,-0.029535951092839241,0.15271627902984619,0.029547648504376411,0,0
98,0.0018372661434113979,3.2385609149932861,-0.0013683810830116272,-0.00089560134802013636,-2.204066276550293,-0.0018853789661079645,0.43866747617721558,-0.0021301198285073042,-0.00040518646710552275,-0.00307510606944561,-0.029599262401461601,-0.052204295992851257,-0.10085275024175644,1,43.509801000000003
99,0.0018147239461541176,3.2021505832672119,-0.0014257386792451143,-0.0013525347458198667,-2.184619665145874,-0.0034414562396705151,0.45907562971115112,-0.0025089536793529987,-0.0013046149397268891,-0.0047633843496441841,-0.028694696724414825,-0.054766073822975159,-0.10035554319620132,0,0
100,0.0018009948544204235,3.1661984920501709,-0.0014618977438658476,-0.00082374451449140906,-2.1571226119995117,-0.0021695434115827084,0.47929942607879639,-0.00083300151163712144,-0.0013028817484155297,-0.00051145616453140974,0.033107023686170578,-0.028377285227179527,0.077939346432685852,1,43.324857999999999
101,0.0017968028550967574,3.1308281421661377,-0.0014759764308109879,-0.00025152284069918096,-2.122220516204834,-0.00084471813170239329,0.49927285313606262,-0.00013198930537328124,-0.0017214353429153562,0.00078877323539927602,0.034262768924236298,-0.02677534706890583,0.0779581218957901,0,0
102,0.0017784420633688569,3.0961825847625732,-0.0015053014503791928,-0.0011016454081982374,-2.0787339210510254,-0.0017595005920156837,0.5190885066986084,-0.0022259284742176533,0.00056202337145805359,-0.0022428182419389486,-0.047997590154409409,0.055120881646871567,-0.052381061017513275,1,44.025413
103,0.0017454212065786123,3.0623750686645508,-0.0015506389318034053,-0.0019812542013823986,-2.0284490585327148,-0.0027202465571463108,0.53833603858947754,-0.0029566856101155281,0.0014752575661987066,-0.0031269569881260395,-0.048033967614173889,0.055404193699359894,-0.053129382431507111,0,0
104,0.0016859108582139015,3.0295000076293945,-0.0016044945223256946,-0.003570622531697154,-1.9725089073181152,-0.0032313379924744368,0.55720800161361694,-0.004901012871414423,0.0009684542310424149,-0.0031581346411257982,-0.084228545427322388,0.012710588984191418,-0.027590977028012276,1,43.235543999999997
105,0.0015993418637663126,2.9976568222045898,-0.0016669402830302715,-0.0051941359415650368,-1.9105904102325439,-0.0037467440124601126,0.57547205686569214,-0.0061946180649101734,0.0010933115845546126,-0.0035887192934751511,-0.083625398576259613,0.011185932904481888,-0.02702823281288147,0,0
106,0.0015262988163158298,2.9669852256774902,-0.0017390332650393248,-0.0043825847096741199,-1.8402892351150513,-0.0043255803175270557,0.59332329034805298,-0.003376613138243556,0.005762473214417696,-0.0040986849926412106,0.040018193423748016,0.14718660712242126,-0.029496671631932259,1,43.773076000000003
107,0.0014669259544461966,2.9375720024108887,-0.0018213863950222731,-0.0035623712465167046,-1.7647912502288818,-0.004941184539347887,0.61036324501037598,-0.0026365742087364197,0.0080860182642936707,-0.0046243760734796524,0.03937908262014389,0.1459667831659317,-0.030577652156352997,0,0
108,0.0014293635031208396,2.9094092845916748,-0.0019043617649003863,-0.0022537475451827049,-1.689759373664856,-0.0049785245209932327,0.62686347961425781,-0.0011718509485945106,0.0020888696890324354,-0.0042057600803673267,0.061533942818641663,-0.10414827615022659,-0.0025678817182779312,1,43.661645
109,0.0014138780534267426,2.882568359375,-0.0019875243306159973,-0.00092912925174459815,-1.6104559898376465,-0.0049897506833076477,0.64250952005386353,-8.9658540673553944e-05,0.00039183651097118855,-0.0041983374394476414,0.061000436544418335,-0.10127162933349609,-0.0013241299893707037,0,0
110,0.0013780000153928995,2.8571450710296631,-0.0020599048584699631,-0.002152684610337019,-1.525390625,-0.0043428270146250725,0.65744340419769287,-0.002880363492295146,0.0016991738229990005,-0.0031941218767315149,-0.055096708238124847,-0.01158337015658617,0.028358582407236099,1,43.035584
111,0.0013210371835157275,2.8331949710845947,-0.0021219253540039062,-0.0034177680499851704,-1.4370050430297852,-0.0037212271708995104,0.67156755924224854,-0.0037903287447988987,0.0014504973078146577,-0.0027676087338477373,-0.056136544793844223,-0.012540369294583797,0.026803484186530113,0,0
112,0.0012818773975595832,2.8107466697692871,-0.0021868718322366476,-0.0023495852947235107,-1.3468971252441406,-0.0038967886939644814,0.68592643737792969,-0.0013127955608069897,-0.001011354848742485,-0.0035006830003112555,0.045669805258512497,-0.079473301768302917,-0.0080791078507900238,1,42.965491999999998
113,0.0012613250873982906,2.7898414134979248,-0.0022545454557985067,-0.0012331412872299552,-1.254310131072998,-0.0040604174137115479,0.69839769601821899,-0.00045309937559068203,-0.0022192506585270166,-0.0036207037046551704,0.047168180346488953,-0.076437249779701233,-0.0074736252427101135,0,0
114,0.0012529718223959208,2.7705609798431396,-0.0023001341614872217,-0.00050119392108172178,-1.1568325757980347,-0.0027353176847100258,0.71000498533248901,-0.00015715631889179349,0.00065504462691023946,-0.0016579615185037255,0.030578993260860443,0.045851852744817734,0.054899517446756363,1,43.468021
115,0.0012567616067826748,2.7529304027557373,-0.0023233864922076464,0.00022738819825462997,-1.057834267616272,-0.0013951449654996395,0.72071635723114014,0.00039376906352117658,0.0014078042004257441,-0.00072650128277018666,0.030159017071127892,0.044486124068498611,0.055108282715082169,0,0
116,0.0012634802842512727,2.7369263172149658,-0.0023435598704963923,0.00040312303462997079,-0.9602474570274353,-0.0012104016495868564,0.7267756462097168,0.00019277287356089801,0.00050913734594359994,-0.0013710791245102882,0.0074669383466243744,-0.0052971774712204933,0.0077885142527520657,1,43.882412000000002
117,0.001273337984457612,2.7225615978240967,-0.0023608410265296698,0.00059146061539649963,-0.86188715696334839,-0.0010368719231337309,0.73566681146621704,0.00037366501055657864,0.00046198745258152485,-0.0012536023277789354,0.0079007679596543312,-0.0045210313983261585,0.0072958348318934441,0,0
118,0.0012667038245126605,2.7098300457000732,-0.002395806135609746,-0.00039804872358217835,-0.76389151811599731,-0.0020979060791432858,0.74366313219070435,-0.0010230402695015073,-0.00056260707788169384,-0.0027786726132035255,-0.039284840226173401,-0.033913496881723404,-0.042113736271858215,1,42.880983999999998
119,0.0012434178497642279,2.6987316608428955,-0.002448532497510314,-0.0013971561565995216,-0.66590762138366699,-0.0031635798513889313,0.75073623657226562,-0.0016607752768322825,-0.0011200797744095325,-0.003489666385576129,-0.039658162742853165,-0.034079678356647491,-0.042254943400621414,0,0
120,0.001214690855704248,2.6893162727355957,-0.0024654984008520842,-0.0017236194107681513,-0.56491655111312866,-0.0010179484961554408,0.75689542293548584,-0.0014258063165470958,0.0027353365439921618,1.264771526621189e-05,-0.01324116438627243,0.098387241363525391,0.083999671041965485,1,44.228147
121,0.0011804924579337239,2.6815719604492188,-0.0024468714836984873,-0.0020519034005701542,-0.46466228365898132,0.0011176108382642269,0.76212608814239502,-0.0016422573244199157,0.0043240590021014214,0.0014010168379172683,-0.013337320648133755,0.097312808036804199,0.083776183426380157,0,0
122,0.001170750823803246,2.6754443645477295,-0.0024581709876656532,-0.00058450113283470273,-0.36765158176422119,-0.00067796395160257816,0.76648867130279541,0.00046696915524080396,0.0030394487548619509,-0.0022906574886292219,0.056368403136730194,0.010795887559652328,-0.068644464015960693,1,43.140970000000003
123,0.0011853984324261546,2.6709120273590088,-0.0024992423132061958,0.0008788559352979064,-0.27194726467132568,-0.0024642744101583958,0.76989287137985229,0.0014145697932690382,0.0032357631716877222,-0.0034380119759589434,0.056479193270206451,0.011529534123837948,-0.068619854748249054,0,0
124,0.0011830742005258799,2.6679251194000244,-0.0025018169544637203,-0.00013945408863946795,-0.17920899391174316,-0.00015448464546352625,0.77240455150604248,-0.00081195746315643191,0.0016857438022270799,0.0006611061398871243,-0.038869671523571014,-0.04101383313536644,0.088885471224784851,1,43.268681000000001
125,0.0011638919822871685,2.6664531230926514,-0.0024661466013640165,-0.0011509301839396358,-0.088314235210418701,0.0021402167621999979,0.77406394481658936,-0.0014576285611838102,0.0010029945988208055,0.002143169054761529,-0.038890566676855087,-0.041032802313566208,0.088931567966938019,0,0
126,0.0011311278212815523,2.6664421558380127,-0.0024370171595364809,-0.0019658522214740515,-0.00065919972257688642,0.0017477654619142413,0.77430492639541626,-0.0018609400140121579,-0.00092942331684753299,0.00020135704835411161,-0.031679961830377579,-0.078869253396987915,-0.013638765551149845,1,43.515715
127,0.0010849041864275932,2.6678543090820312,-0.0024143592454493046,-0.0027734164614230394,0.084730766713619232,0.0013594720512628555,0.77431094646453857,-0.0023889737203717232,-0.0022440133616328239,-2.5638553779572248e-05,-0.031677812337875366,-0.078869596123695374,-0.013640943914651871,0,0
128,0.0010624856222420931,2.6706690788269043,-0.002387000247836113,-0.0013451103586703539,0.16889092326164246,0.0016415391582995653,0.77347475290298462,-5.9909347328357399e-05,-0.0019633392803370953,0.00059542694361880422,0.054096374660730362,-0.031175645068287849,0.011999971233308315,1,42.955908999999998
129,0.0010636226506903768,2.6748425960540771,-0.0023549913894385099,6.8222812842577696e-05,0.25041303038597107,0.0019205356948077679,0.7719109058380127,0.00084348791278898716,-0.0024792656768113375,0.00079647824168205261,0.054143283516168594,-0.031142460182309151,0.011981729418039322,0,0
130,0.0010863152565434575,2.6803576946258545,-0.0023463333491235971,0.0013615542557090521,0.33090382814407349,0.00051948451437056065,0.76950639486312866,0.0016148148570209742,-0.00067900767317041755,-0.0011747475946322083,0.050165314227342606,0.038103904575109482,-0.052905276417732239,1,42.849747999999998
131,0.0011302018538117409,2.6871647834777832,-0.0023607364855706692,0.0026331960689276457,0.40842592716217041,-0.00086418457794934511,0.76644247770309448,0.0024430872872471809,-5.2447256166487932e-05,-0.0020566629245877266,0.049967005848884583,0.03779882937669754,-0.052951566874980927,0,0
132,0.0011706571094691753,2.6952130794525146,-0.0023440145887434483,0.0024273148737847805,0.48289144039154053,0.0010033163707703352,0.76630735397338867,0.0013640561373904347,-0.0008175100083462894,0.0012577058514580131,-0.006983037106692791,-0.0040018265135586262,0.072852715849876404,1,43.110275999999999
133,0.0012078416766598821,2.7044484615325928,-0.0022965217940509319,0.0022310770582407713,0.55412673950195312,0.0028495732694864273,0.76183605194091797,0.0012527354992926121,-0.00090605003060773015,0.0024846210144460201,-0.0067366855219006538,-0.0043247081339359283,0.073072530329227448,0,0
134,0.0012343856506049633,2.7148127555847168,-0.002266190480440855,0.0015926356427371502,0.621856689453125,0.0018198791658505797,0.75660461187362671,0.00055156269809231162,-0.0012047517811879516,-2.3232378225657158e-05,-0.024260414764285088,-0.0105550242587924,-0.03896167129278183,1,44.500185000000002
135,0.0012503669131547213,2.7262494564056396,-0.0022527021355926991,0.00095887912902981043,0.68620890378952026,0.00080929783871397376,0.75084662437438965,0.00012728120782412589,-0.0013775179395452142,-0.00065110932337120175,-0.024479582905769348,-0.009924108162522316,-0.038898836821317673,0,0
136,0.0012524924241006374,2.7387681007385254,-0.0022590551525354385,0.0001275291433557868,0.75111943483352661,-0.00038117938674986362,0.74461084604263306,-0.0005799506907351315,0.0037476136349141598,-0.0015381448902189732,-0.032778341323137283,0.14926894009113312,-0.04679228737950325,1,43.297727000000002
137,0.0012408705661073327,2.7523088455200195,-0.0022851931862533092,-0.0006973142153583467,0.8124508261680603,-0.0015682866796851158,0.73765605688095093,-0.0011664413614198565,0.0062581165693700314,-0.0023258521687239408,-0.03307090699672699,0.1499345600605011,-0.047511935234069824,0,0
138,0.0012335542123764753,2.7667102813720703,-0.0023357467725872993,-0.00043898308649659157,0.86408370733261108,-0.0030332179740071297,0.73022162914276123,-0.00031551162828691304,0.00050852762069553137,-0.0035271120723336935,0.010488137602806091,-0.097435779869556427,-0.059684429317712784,1,43.857944000000003
139,0.0012305760756134987,2.7819128036499023,-0.0024100805167108774,-0.00017868970462586731,0.91215068101882935,-0.0044600185938179493,0.72222089767456055,-0.0001731968077365309,-0.0011051381006836891,-0.0044902684167027473,0.010806647129356861,-0.097482353448867798,-0.059236582368612289,0,0
140,0.0012042874004691839,2.7979109287261963,-0.0024217900354415178,-0.0015773182967677712,0.95988458395004272,-0.00070257403422147036,0.71381634473800659,-0.0023439349606633186,0.001750652096234262,0.0016933717997744679,-0.058005213737487793,0.037282239645719528,0.15549176931381226,1,43.364938000000002
141,0.0011552188079804182,2.814643383026123,-0.0023722837213426828,-0.0029441185761243105,1.0039494037628174,0.0029703760519623756,0.70492851734161377,-0.0033454960212111473,0.0023692338727414608,0.0042875972576439381,-0.057761486619710922,0.036883875727653503,0.15497876703739166,0,0
142,0.0011001762468367815,2.8320300579071045,-0.0023569883778691292,-0.0033025555312633514,1.0431939363479614,0.00091771362349390984,0.69571352005004883,-0.0029561449773609638,0.0012931994860991836,-0.0011969676706939936,-0.015806680545210838,-0.013333471491932869,-0.086373873054981232,1,43.107782
143,0.0010394306154921651,2.8500099182128906,-0.0023753403220325708,-0.0036447388119995594,1.0787918567657471,-0.0011011164169758558,0.68605422973632812,-0.0032396786846220493,0.0010630293982103467,-0.0026411483995616436,-0.015372822061181068,-0.013634633272886276,-0.08672226220369339,0,0
144,0.0009887750493362546,2.8685047626495361,-0.002354026772081852,-0.0030393344350159168,1.1096838712692261,0.0012788074091076851,0.6760326623916626,-0.0021476256661117077,-0.00073607324156910181,0.0022470715921372175,0.025963932275772095,-0.060528255999088287,0.10463355481624603,1,43.743335999999999
145,0.00094797986093908548,2.8874549865722656,-0.0022935168817639351,-0.0024477094411849976,1.1370105743408203,0.0036305864341557026,0.66575765609741211,-0.0017434051260352135,-0.0017048056470230222,0.0040396945551037788,0.025947300717234612,-0.05963081493973732,0.10556087642908096,0,0
146,0.00090055068721994758,2.9068336486816406,-0.0022392966784536839,-0.0028457511216402054,1.1627163887023926,0.0032532177865505219,0.65503162145614624,-0.0028243877459317446,0.00034540271735750139,0.0017608555499464273,-0.018251633271574974,0.030648484826087952,-0.015774451196193695,1,43.326456999999998
147,0.00084663013694807887,2.9265811443328857,-0.002191109349951148,-0.0032352318521589041,1.1848565340042114,0.0028912452980875969,0.64426565170288086,-0.0031548133119940758,0.00090333889238536358,0.0015477571869269013,-0.018217317759990692,0.031018035486340523,-0.015497097745537758,0,0
148,0.00078988290624693036,2.9466040134429932,-0.0021607638336718082,-0.0034048343077301979,1.2013784646987915,0.0018207309767603874,0.63315653800964355,-0.0032022215891629457,-0.0017129284096881747,0.0002142523298971355,-0.0082408050075173378,-0.064392387866973877,-0.049099180847406387,1,43.000343000000001
149,0.00073040614370256662,2.9668440818786621,-0.0021480170544236898,-0.0035686059854924679,1.2143985033035278,0.00076479976996779442,0.62203270196914673,-0.0033582705073058605,-0.0028598818462342024,-0.00058019929565489292,-0.0081110773608088493,-0.066660426557064056,-0.049567438662052155,0,0
150,0.0006900971638970077,2.9872884750366211,-0.0021010481286793947,-0.0024185390211641788,1.2266656160354614,0.0028181299567222595,0.6107560396194458,-0.001450955169275403,0.00031194384791888297,0.0036104500759392977,0.055513154715299606,0.062504716217517853,0.10005800426006317,1,43.213586999999997
151,0.00066844158573076129,3.007880687713623,-0.0020202354062348604,-0.0012993351556360722,1.2355296611785889,0.0048487694002687931,0.59939801692962646,-0.00055641680955886841,0.0013689815532416105,0.0053593465127050877,0.055266000330448151,0.063426360487937927,0.10111823678016663,0,0
152,0.00064457807457074523,3.028515100479126,-0.0019588263239711523,-0.0014318099711090326,1.2380627393722534,0.0036845388822257519,0.58435738086700439,-0.0017482993425801396,-0.00083849404472857714,0.0017807336989790201,-0.0064814621582627296,-0.035065341740846634,-0.057847306132316589,1,43.626762999999997
153,0.00061860610730946064,3.0491375923156738,-0.0019165370613336563,-0.0015583167551085353,1.2373563051223755,0.002537356223911047,0.57289373874664307,-0.0018712575547397137,-0.0013948675477877259,0.00085163227049633861,-0.0063086748123168945,-0.03454073891043663,-0.058371126651763916,0,0
154,0.00056528497952967882,3.0696959495544434,-0.001880018156953156,-0.0031992669682949781,1.2334994077682495,0.0021911372896283865,0.56137299537658691,-0.004670287948101759,-0.0018429913325235248,0.0012709620641544461,-0.086208164691925049,-0.031636275351047516,-0.017573244869709015,1,43.110863999999999
155,0.00048502464778721333,3.0901377201080322,-0.0018492321250960231,-0.0048156189732253551,1.2265113592147827,0.0018471587682142854,0.54995155334472656,-0.0061520594172179699,-0.0023747039958834648,0.0010018358007073402,-0.086823634803295135,-0.032017040997743607,-0.017910998314619064,0,0
156,0.00040299881948158145,3.1104350090026855,-0.0018268668791279197,-0.0049215494655072689,1.2178353071212769,0.0013419159222394228,0.53808671236038208,-0.0049356976523995399,-0.00012797085219062865,0.00040981936035677791,-0.0058916704729199409,0.050862055271863937,-0.027228353545069695,1,43.376793999999997
157,0.00031942778150551021,3.1305375099182129,-0.0018128216033801436,-0.0050142616964876652,1.2061513662338257,0.00084271503146737814,0.52681028842926025,-0.0050292196683585644,0.0007510505965910852,-3.3309770515188575e-05,-0.0052645569667220116,0.051435030996799469,-0.027543980628252029,0,0
158,0.0002544579328969121,3.1503944396972656,-0.0017856616759672761,-0.0038981912657618523,1.1914222240447998,0.0016295957611873746,0.5157315731048584,-0.0028171052690595388,0.0014092440251260996,0.0019535967148840427,0.063831165432929993,0.044267777353525162,0.045445885509252548,1,44.835476
159,0.00020750136172864586,3.1699581146240234,-0.0017456978093832731,-0.0028173939790576696,1.1738234758377075,0.0023978289682418108,0.50469982624053955,-0.0017873118631541729,0.0021653883159160614,0.002719205804169178,0.063205160200595856,0.044127091765403748,0.045340657234191895,0,0
160,0.00014519489195663482,3.1891510486602783,-0.0017032618634402752,-0.0037383879534900188,1.1515747308731079,0.002546156058087945,0.49384117126464844,-0.0047117406502366066,-0.00077850103843957186,0.0022798290010541677,-0.054967373609542847,-0.067341223359107971,0.0092791449278593063,1,43.419764999999998
161,6.7828586907126009e-05,3.2079284191131592,-0.001658392371609807,-0.0046419780701398849,1.1266456842422485,0.0026921716053038836,0.48317846655845642,-0.0056783612817525864,-0.0019477568566799164,0.0024538165889680386,-0.05505809560418129,-0.068556621670722961,0.0093062287196516991,0,0
162,-9.381685231346637e-06,3.2262470722198486,-0.0016367208445444703,-0.0046326159499585629,1.0991190671920776,0.0013002944178879261,0.47268611192703247,-0.0047980956733226776,-0.0031180945225059986,-0.00056461658095940948,0.00076099135912954807,-0.069195002317428589,-0.086458668112754822,1,44.259835000000002
163,-8.6364438175223768e-05,3.2440657615661621,-0.0016377737047150731,-0.0046189650893211365,1.0691144466400146,-6.3171726651489735e-05,0.46250897645950317,-0.0048235179856419563,-0.0043032830581068993,-0.0019852854311466217,0.0010915754828602076,-0.069276578724384308,-0.086502321064472198,0,0
164,-0.0001771535025909543,3.2613635063171387,-0.0016448030946776271,-0.0054473439231514931,1.0378698110580444,-0.00042176170973107219,0.4525490403175354,-0.0066819889470934868,-0.0029544215649366379,-0.0012890087673440576,-0.053670201450586319,0.0060694916173815727,-0.022897524759173393,1,44.510232999999999
165,-0.0002814266481436789,3.2781023979187012,-0.0016576698981225491,-0.0062563889659941196,1.0043330192565918,-0.00077201088424772024,0.44293901324272156,-0.0076080877333879471,-0.0028341328725218773,-0.0016472360584884882,-0.053434416651725769,0.0069738444872200489,-0.022840451449155807,0,0
166,-0.00036956550320610404,3.2942378520965576,-0.0016646059229969978,-0.0052883317694067955,0.96813374757766724,-0.00041615846566855907,0.43023347854614258,-0.0045304610393941402,-0.0014766519889235497,-0.00042412432958371937,0.066738896071910858,0.043219592422246933,0.024821462109684944,1,43.559904000000003
167,-0.00044190336484462023,3.3097348213195801,-0.0016659805551171303,-0.0043402723968029022,0.92981845140457153,-8.2475351518951356e-05,0.42126914858818054,-0.0034569459967315197,-0.00081276614218950272,-4.4138927478343248e-05,0.066624946892261505,0.042019791901111603,0.023724094033241272,0,0
168,-0.00050307263154536486,3.324575662612915,-0.0016597312642261386,-0.0036701541393995285,0.89044511318206787,0.00037495853030122817,0.41264417767524719,-0.0030035881791263819,0.0021041992586106062,0.00064563570776954293,0.048047672957181931,0.10871842503547668,0.032983746379613876,1,43.668579000000001
169,-0.00055315677309408784,3.3387289047241211,-0.0016458737663924694,-0.0030050473287701607,0.84919154644012451,0.00083144707605242729,0.40439918637275696,-0.0022108978591859341,0.0039348485879600048,0.0012071916135028005,0.048540849238634109,0.10972161591053009,0.033485908061265945,0,0
170,-0.00061183527577668428,3.3521444797515869,-0.0016379571752622724,-0.0035207099281251431,0.80493050813674927,0.00047499424545094371,0.39654725790023804,-0.0043157031759619713,0.0027486153412610292,-0.00023210157814901322,-0.038211159408092499,0.018295761197805405,-0.026254942640662193,1,43.631360999999998
171,-0.00067898514680564404,3.3647949695587158,-0.0016358927823603153,-0.004028993658721447,0.75903624296188354,0.00012386526213958859,0.38909408450126648,-0.0049684224650263786,0.0030696801841259003,-0.00066733424318954349,-0.038244213908910751,0.018545372411608696,-0.026276454329490662,0,0
172,-0.00074962631333619356,3.3766369819641113,-0.001642214716412127,-0.0042384699918329716,0.71051746606826782,-0.0003793142968788743,0.38214051723480225,-0.004873247817158699,0.00052350835176184773,-0.0015141400508582592,-0.015806142240762711,-0.068848200142383575,-0.0383601114153862,1,44.962119999999999
173,-0.0008237157016992569,3.3876473903656006,-0.0016568601131439209,-0.0044453614391386509,0.66062849760055542,-0.00087872112635523081,0.37556123733520508,-0.0051495544612407684,-0.00063402787782251835,-0.002163187600672245,-0.015817988663911819,-0.069281741976737976,-0.038600299507379532,0,0
174,-0.00089547777315601707,3.3978185653686523,-0.0016698740655556321,-0.004305724985897541,0.61027276515960693,-0.00078083656262606382,0.36914286017417908,-0.0045225350186228752,0.00052942975889891386,-0.0012398841790854931,0.011566290631890297,-0.0013289349153637886,0.0084168994799256325,1,43.456763000000002
175,-0.0009649122366681695,3.4071321487426758,-0.0016813069814816117,-0.004166067112237215,0.55881422758102417,-0.00068597780773416162,0.3634917140007019,-0.0043335254304111004,0.00051273906137794256,-0.0011121460702270269,0.011694839224219322,-0.0012030279031023383,0.0082577215507626534,0,0
176,-0.0010298354318365455,3.4156091213226318,-0.0017120596021413803,-0.003895393805578351,0.50861424207687378,-0.0018451602663844824,0.35850721597671509,-0.0037915431894361973,0.0064703137613832951,-0.0044072209857404232,0.022545561194419861,0.17614108324050903,-0.094423331320285797,1,43.955190999999999
177,-0.0010902852518483996,3.4232354164123535,-0.0017618924612179399,-0.0036269868724048138,0.4575769305229187,-0.0029899720102548599,0.3537975549697876,-0.003419958520680666,0.009451037272810936,-0.0059716673567891121,0.022551128640770912,0.17696881294250488,-0.09407409280538559,0,0
178,-0.0011694745626300573,3.429934024810791,-0.0017890059389173985,-0.0047513563185930252,0.40192121267318726,-0.0016268050530925393,0.34995278716087341,-0.0069412398152053356,0.0011662914184853435,-0.00054192845709621906,-0.094184815883636475,-0.16185611486434937,0.11576741188764572,1,43.190626999999999
179,-0.0012673304881900549,3.4356961250305176,-0.0017936186632141471,-0.0058713546022772789,0.34572601318359375,-0.000276765669696033,0.34623092412948608,-0.008523513562977314,-0.001563877216540277,0.0013676845701411366,-0.094377420842647552,-0.16302125155925751,0.11532339453697205,0,0
180,-0.0013461061753332615,3.440563440322876,-0.0018112910911440849,-0.0047265407629311085,0.29204067587852478,-0.0010603434639051557,0.34576991200447083,-0.0036812564358115196,0.0015193537110462785,-0.0027811892796307802,0.098276026546955109,0.010039816610515118,-0.066254690289497375,1,43.470453999999997
181,-0.0014058032538741827,3.4445321559906006,-0.0018419822445139289,-0.0035818275064229965,0.23812633752822876,-0.0018414696678519249,0.34306582808494568,-0.0020363098010420799,0.0017092293128371239,-0.0038940464146435261,0.098547063767910004,0.010687496513128281,-0.066242590546607971,0,0
182,-0.0014500697143375874,3.4475865364074707,-0.0018817008240148425,-0.002655987162142992,0.18326056003570557,-0.0023831166326999664,0.34089571237564087,-0.0010131635935977101,-0.00057603215100243688,-0.0043316935189068317,0.079824954271316528,-0.064928017556667328,-0.045707110315561295,1,43.986310000000003
183,-0.0014789064880460501,3.4497275352478027,-0.0019304540473967791,-0.0017302059568464756,0.12846541404724121,-0.0029251908417791128,0.33919861912727356,0.00031861360184848309,-0.0016487683169543743,-0.0051014688797295094,0.079819135367870331,-0.064882077276706696,-0.045754462480545044,0,0
184,-0.0015107054496183991,3.4509570598602295,-0.0019791170489042997,-0.0019079374615103006,0.07377789169549942,-0.0029197828844189644,0.33799260854721069,-0.001554082497023046,-0.0029823142103850842,-0.0043031796813011169,-0.016131190583109856,-0.074683085083961487,0.0018712222808972001,1,43.349120999999997
185,-0.0015454761451110244,3.4512815475463867,-0.0020276913419365883,-0.0020862442906945944,0.019469613209366798,-0.0029144510626792908,0.33730959892272949,-0.0018219560151919723,-0.0042272838763892651,-0.0042764721438288689,-0.016124231740832329,-0.074759528040885925,0.0018439178820699453,0,0
186,-0.0015848585171625018,3.4507491588592529,-0.0020852589514106512,-0.0023629437200725079,-0.031941484659910202,-0.0034540537744760513,0.33715319633483887,-0.0023784341756254435,0.0014412453165277839,-0.0058685955591499805,-0.024605229496955872,0.13013465702533722,-0.045585855841636658,1,43.365110999999999
187,-0.0016288831830024719,3.4493715763092041,-0.0021518680732697248,-0.0026414766907691956,-0.082656264305114746,-0.0039965426549315453,0.33744901418685913,-0.0027889672201126814,0.0036088782362639904,-0.0066268104128539562,-0.024613894522190094,0.13011518120765686,-0.045583397150039673,0,0
188,-0.0016859330935403705,3.4471435546875,-0.0022118927445262671,-0.0034229918383061886,-0.13368040323257446,-0.0036014758516103029,0.33820730447769165,-0.0046576745808124542,0.0025254290085285902,-0.0047027296386659145,-0.068081066012382507,0.029970049858093262,0.03615109995007515,1,43.140860000000004
189,-0.0017561346758157015,3.4440815448760986,-0.0022652707993984222,-0.0042120972648262978,-0.18371522426605225,-0.0032026800327003002,0.33944487571716309,-0.0057974164374172688,0.0030320389196276665,-0.0040932311676442623,-0.068146467208862305,0.030198968946933746,0.036141034215688705,0,0
190,-0.0018072910606861115,3.4402420520782471,-0.0023249576333910227,-0.0030693807639181614,-0.23037236928939819,-0.0035812074784189463,0.34141755104064941,-0.0013797665014863014,0.0097833946347236633,-0.0057478416711091995,0.098710037767887115,0.21533137559890747,-0.031081795692443848,1,44.227055
191,-0.0018391757039353251,3.4356462955474854,-0.0023910331074148417,-0.0019130798755213618,-0.27574214339256287,-0.0039645284414291382,0.34355053305625916,0.00026215554680675268,0.013350285589694977,-0.0062570990994572639,0.098784379661083221,0.21478131413459778,-0.031167129054665565,0,0
192,-0.0018843676662072539,3.4302468299865723,-0.0024566170759499073,-0.0027115186676383018,-0.32396331429481506,-0.0039350390434265137,0.34619897603988647,-0.0036696856841444969,0.0047750654630362988,-0.0056018182076513767,-0.068225279450416565,-0.15111550688743591,0.0042318510822951794,1,43.649196000000003
193,-0.001943032955750823,3.4240691661834717,-0.0025216855574399233,-0.0035199164412915707,-0.37066343426704407,-0.0039041140116751194,0.34919849038124084,-0.0048095621168613434,0.0022586819250136614,-0.0055141951888799667,-0.068153105676174164,-0.15070363879203796,0.00427629379555583,0,0
194,-0.0020099987741559744,3.4171419143676758,-0.00257646176032722,-0.0040179463103413582,-0.41563031077384949,-0.003286577295511961,0.35269790887832642,-0.0050596273504197598,-4.6258115617092699e-05,-0.0038120942190289497,-0.041313935071229935,-0.1457696259021759,0.053055442869663239,1,43.359862
195,-0.0020853669848293066,3.4094948768615723,-0.0026207787450402975,-0.0045220982283353806,-0.45881587266921997,-0.0026590132620185614,0.35654619336128235,-0.005747244693338871,-0.0024803001433610916,-0.0029064798727631569,-0.041187137365341187,-0.14573594927787781,0.05305253341794014,0,0
196,-0.0021539176814258099,3.4011623859405518,-0.0026606190949678421,-0.004113044124096632,-0.49994474649429321,-0.0023904184345155954,0.36068975925445557,-0.0039369082078337669,-0.0043699247762560844,-0.0030125323683023453,0.033845443278551102,-0.1304733008146286,0.022965958341956139,1,64.052002000000002
197,-0.0022155700717121363,3.3921782970428467,-0.0026958843227475882,-0.003699139691889286,-0.53905236721038818,-0.0021159166935831308,0.36531898379325867,-0.0033832811750471592,-0.0065599624067544937,-0.0026001182850450277,0.033672034740447998,-0.13064283132553101,0.023029247298836708,0,0
198,-0.0022766620386391878,3.3826186656951904,-0.0027282501105219126,-0.0036655212752521038,-0.57357078790664673,-0.0019419455202296376,0.37035667896270752,-0.0038527112919837236,-0.0022647390142083168,-0.0024791043251752853,0.0029115474317222834,0.063047587871551514,0.014632676728069782,1,63.616652999999999
199,-0.0023371772840619087,3.3725218772888184,-0.0027577374130487442,-0.0036309075076133013,-0.60580933094024658,-0.0017692423425614834,0.3756675124168396,-0.003811676986515522,-0.0011894309427589178,-0.0022205640561878681,0.0029460773803293705,0.06383194774389267,0.014245860278606415,0,0
200,-0.0024058192502707243,3.361943244934082,-0.002790363971143961,-0.0041185244917869568,-0.63472074270248413,-0.0019576004706323147,0.38133254647254944,-0.0051133348606526852,0.0023606861941516399,-0.0029060856904834509,-0.037360414862632751,0.13713884353637695,-0.0138638811185956,1,45.186252000000003
201,-0.0024826717562973499,3.3509232997894287,-0.0028262338601052761,-0.0046111526899039745,-0.66119807958602905,-0.0021521940361708403,0.38720950484275818,-0.0057292929850518703,0.004605625756084919,-0.0031245378777384758,-0.037042167037725449,0.13604404032230377,-0.01409797091037035,0,0
202,-0.0025551554281264544,3.3394970893859863,-0.0028499418403953314,-0.0043490217067301273,-0.6855698823928833,-0.0014224741607904434,0.39335092902183533,-0.004441775381565094,0.0058409008197486401,-0.0010340457083657384,0.020085522904992104,0.10503304749727249,0.055263128131628036,1,46.057260999999997
203,-0.0026232856325805187,3.3277075290679932,-0.0028612192254513502,-0.0040878094732761383,-0.70737737417221069,-0.00067664345260709524,0.3996986448764801,-0.0041277320124208927,0.0075746374204754829,-8.8352186139672995e-05,0.019645871594548225,0.10521504282951355,0.055387247353792191,0,0
204,-0.0026916279457509518,3.3155827522277832,-0.0028710982296615839,-0.0041005401872098446,-0.72749018669128418,-0.00059274607338011265,0.40629392862319946,-0.0044871233403682709,0.0070877098478376865,-0.00078546744771301746,-0.00055079953745007515,0.037872735410928726,0.006388859823346138,1,53.745215999999999
205,-0.0027601008769124746,3.3031668663024902,-0.0028795786201953888,-0.0041083819232881069,-0.74495452642440796,-0.00050882279174402356,0.41302976012229919,-0.004492846317589283,0.0077641722746193409,-0.00066062243422493339,-0.00018243334488943219,0.039229966700077057,0.0062485318630933762,0,0
206,-0.0028342367149889469,3.2904512882232666,-0.002878179308027029,-0.0044481432996690273,-0.76293134689331055,8.3957100287079811e-05,0.41998299956321716,-0.005273135844618082,0.0010169722372666001,0.00064363784622400999,-0.0234388317912817,-0.18438325822353363,0.041779514402151108,1,45.278933000000002
207,-0.0029141476843506098,3.2774796485900879,-0.0028666523285210133,-0.0047946609556674957,-0.77830207347869873,0.00069161510327830911,0.42704731225967407,-0.0056674592196941376,-0.0020978029351681471,0.0013736040564253926,-0.023463757708668709,-0.18570080399513245,0.042001001536846161,0,0
208,-0.00298727722838521,3.2643258571624756,-0.0028730030171573162,-0.0043877740390598774,-0.78922897577285767,-0.00038103747647255659,0.43429672718048096,-0.0043429066427052021,-0.0011467940639704466,-0.0017201108857989311,0.028061408549547195,-0.06449272483587265,-0.072747014462947845,1,47.800330000000002
209,-0.0030536619015038013,3.2510344982147217,-0.0028977072797715664,-0.0039830757305026054,-0.79747474193572998,-0.0014822488883510232,0.44160452485084534,-0.0039110728539526463,-0.0022229845635592937,-0.0029304688796401024,0.0274202860891819,-0.064076066017150879,-0.073350854218006134,0,0
210,-0.0031042105983942747,3.2376370429992676,-0.0029154885560274124,-0.0030329218134284019,-0.80385154485702515,-0.0010668779723346233,0.44896712899208069,-0.0023023115936666727,-0.0050038625486195087,-0.00078345026122406125,0.062753207981586456,-0.11587498337030411,0.027469536289572716,1,46.538722
211,-0.0031385845504701138,3.2241775989532471,-0.002926024841144681,-0.0020624375902116299,-0.80757206678390503,-0.00063217914430424571,0.45641002058982849,-0.0012709592701867223,-0.0068738609552383423,-0.00027561557362787426,0.062992759048938751,-0.11445464938879013,0.028213625773787498,0,0
212,-0.0031850105151534081,3.2107443809509277,-0.0029234511312097311,-0.0027855625376105309,-0.8059995174407959,0.00015441887080669403,0.46391007304191589,-0.0038549492601305246,-0.0030526923947036266,0.00095766177400946617,-0.045685131102800369,0.055671840906143188,0.050057999789714813,1,46.764673999999999
213,-0.0032438223715871572,3.1973800659179688,-0.0029077744111418724,-0.0035287095233798027,-0.80185699462890625,0.00094060326227918267,0.47137287259101868,-0.0046574985608458519,-0.0021993117406964302,0.0017873074393719435,-0.046159062534570694,0.053446467965841293,0.049182429909706116,0,0
214,-0.003279597032815218,3.1841516494750977,-0.0029006395488977432,-0.0021464764140546322,-0.79370987415313721,0.00042809182195924222,0.4788287878036499,-0.0010529052233323455,0.001644246862269938,-7.6970754889771342e-05,0.085498526692390442,0.1424490362405777,-0.031601198017597198,1,44.956865999999998
215,-0.0032918942160904408,3.1711008548736572,-0.0029021622613072395,-0.0007378370501101017,-0.78304576873779297,-9.1364025138318539e-05,0.48617792129516602,0.00035861670039594173,0.0040350896306335926,-0.00058966770302504301,0.085815839469432831,0.14344367384910583,-0.031551074236631393,0,0
216,-0.00330535345710814,3.1582458019256592,-0.0028899949975311756,-0.00080754968803375959,-0.77130913734436035,0.00073003931902348995,0.49363797903060913,-0.001180940424092114,0.003623410826548934,0.0015779893146827817,-0.003860188415274024,0.058361940085887909,0.049064408987760544,1,47.018645999999997
217,-0.0033199682366102934,3.1456248760223389,-0.0028638702351599932,-0.00087688973871991038,-0.75725817680358887,0.0015674883034080267,0.50077968835830688,-0.0012558718444779515,0.0045881792902946472,0.0024202056229114532,-0.0037717607337981462,0.058228299021720886,0.049308832734823227,0,0
218,-0.0033288758713752031,3.1332356929779053,-0.0028569719288498163,-0.0005344552337191999,-0.74335229396820068,0.00041389791294932365,0.50791394710540771,-0.00049198948545381427,0.00090757751604542136,-0.00062899000477045774,0.020183108747005463,-0.082096636295318604,-0.067085184156894684,1,46.321012000000003
219,-0.0033320714719593525,3.1211137771606445,-0.0028694625943899155,-0.00019174130284227431,-0.72732144594192505,-0.00074944162042811513,0.51479679346084595,-0.00017285259673371911,-0.00041563232662156224,-0.0017182473093271255,0.019952746108174324,-0.080940976738929749,-0.066816933453083038,0,0
220,-0.0033620749600231647,3.1093204021453857,-0.0028951535932719707,-0.0018002091674134135,-0.70760226249694824,-0.001541459234431386,0.52157533168792725,-0.0035120188258588314,0.0014327955432236195,-0.0020925912540405989,-0.090789169073104858,0.013174545951187611,-0.044999353587627411,1,45.363618000000002
221,-0.0034191948361694813,3.0978877544403076,-0.0029342558700591326,-0.0034271867480129004,-0.68596512079238892,-0.0023461373057216406,0.52812719345092773,-0.0050385585054755211,0.0016604467527940869,-0.0028306739404797554,-0.090794004499912262,0.012904598377645016,-0.045220501720905304,0,0
222,-0.0034492358099669218,3.0867838859558105,-0.0029565708246082067,-0.0018024633172899485,-0.66623479127883911,-0.0013388965744525194,0.53446090221405029,-0.0004971333546563983,-0.0049295411445200443,-0.00022143989917822182,0.089880846440792084,-0.19226926565170288,0.055410288274288177,1,45.980229000000001
223,-0.0034518362954258919,3.0760366916656494,-0.0029619976412504911,-0.00015602586790919304,-0.64482849836349487,-0.00032560213003307581,0.54062968492507935,0.001002265140414238,-0.0081036277115345001,0.00070565775968134403,0.090193413197994232,-0.19189116358757019,0.055187959223985672,0,0
224,-0.0034500618930906057,3.0657691955566406,-0.0029680060688406229,0.00010646198643371463,-0.61605370044708252,-0.00036050280323252082,0.54643326997756958,7.0751368184573948e-05,-0.00069650786463171244,-0.00026920190430246294,0.014447011984884739,0.12517824769020081,-0.0020082350820302963,1,46.293610999999999
225,-0.0034439428709447384,3.0560057163238525,-0.0029745921492576599,0.00036713600275106728,-0.58581238985061646,-0.00039516255492344499,0.55213743448257446,0.00029707164503633976,0.0013647254090756178,-0.00029476737836375833,0.014234252274036407,0.12418229132890701,-0.0019845389761030674,0,0
226,-0.0034395833499729633,3.0467226505279541,-0.0029650931246578693,0.00026157218962907791,-0.55698257684707642,0.0005699428147636354,0.55735397338867188,-6.7894841777160764e-05,-0.0013098084600642323,0.0014510211767628789,-0.0053495061583817005,-0.018567739054560661,0.051058214157819748,1,45.861809000000001
227,-0.0034370138309895992,3.037940502166748,-0.0029395052697509527,0.00015416456153616309,-0.52693217992782593,0.0015352668706327677,0.56251126527786255,-0.00017025944544002414,-0.0015903421444818377,0.0022912528365850449,-0.0054008080624043941,-0.017819542437791824,0.050719797611236572,0,0
228,-0.003443926339969039,3.0296802520751953,-0.0029387029353529215,-0.00041475333273410797,-0.49562060832977295,4.8141577281057835e-05,0.56733876466751099,-0.0010447149397805333,-0.0014994050143286586,-0.0011410936713218689,-0.029447542503476143,-0.0074878116138279438,-0.077436335384845734,1,44.846494999999997
229,-0.0034602915402501822,3.0219576358795166,-0.0029628449119627476,-0.00098191085271537304,-0.4633602499961853,-0.0014485254650935531,0.57192778587341309,-0.0015343324048444629,-0.0016202678671106696,-0.002440077718347311,-0.029192056506872177,-0.0077207088470458984,-0.077505365014076233,0,0
230,-0.0034673695918172598,3.0147895812988281,-0.0029825123492628336,-0.00042468780884519219,-0.43008160591125488,-0.0011800448410212994,0.5762210488319397,-7.9082892625592649e-05,-0.001394817722029984,-0.00070647941902279854,0.028661951422691345,0.0021235470194369555,0.013499857857823372,1,46.126756999999998
231,-0.0034652112517505884,3.0081877708435059,-0.0029975918587297201,0.00012950025848113,-0.39611101150512695,-0.00090477161575108767,0.58020329475402832,0.00038282977766357362,-0.0013672261266037822,-0.00047297007404267788,0.028399061411619186,0.0018308864673599601,0.0137972766533494,0,0
232,-0.0034671453759074211,3.0021836757659912,-0.0029780697077512741,-0.00011604640167206526,-0.36024177074432373,0.0011713317362591624,0.58388787508010864,-0.00050085113616660237,0.00091471034102141857,0.0028006564825773239,-0.012227543629705906,0.068842075765132904,0.10502433776855469,1,45.873341000000003
233,-0.0034732387866824865,2.9967846870422363,-0.0029238497372716665,-0.0003655993496067822,-0.32393324375152588,0.0032532017212361097,0.58722352981567383,-0.00072228151839226484,0.0020475978963077068,0.0045551927760243416,-0.012388931587338448,0.06859944760799408,0.10504347831010818,0,0
234,-0.0034453379921615124,2.9919857978820801,-0.0028823078610002995,0.0016740496503189206,-0.28793400526046753,0.0024925156030803919,0.59025841951370239,0.0028898518066853285,0.0021383939310908318,0.0015450780047103763,0.10243770480155945,0.036641791462898254,-0.037705201655626297,1,45.259649000000003
235,-0.0033833482302725315,2.9877901077270508,-0.0028535616584122181,0.0037193791940808296,-0.25174108147621155,0.0017247691284865141,0.59292453527450562,0.0045936019159853458,0.0027473040390759706,0.00090430019190534949,0.10260391980409622,0.036775790154933929,-0.038016773760318756,0,0
236,-0.0033599005546420813,2.9841551780700684,-0.0028472759295254946,0.0014068628661334515,-0.21810199320316315,0.00037714757490903139,0.59279435873031616,-0.00094087631441652775,0.00034718355163931847,-0.00071845040656626225,-0.11466019600629807,-0.053852789103984833,-0.067093625664710999,1,45.396500000000003
237,-0.0033749814610928297,2.9810805320739746,-0.0028634150512516499,-0.00090485578402876854,-0.18448175489902496,-0.00096834992291405797,0.59481364488601685,-0.0028549358248710632,-0.00055189232807606459,-0.0018367848824709654,-0.11462421715259552,-0.05381711944937706,-0.066984355449676514,0,0
238,-0.0033882830757647753,2.9786014556884766,-0.0028747152537107468,-0.0007980976952239871,-0.14874619245529175,-0.00067800842225551605,0.5966256856918335,-0.00076756859198212624,0.0022206928115338087,-0.00026319659082219005,0.0053372606635093689,0.055640287697315216,0.014180212281644344,1,47.375272000000002
239,-0.003399793291464448,2.9767141342163086,-0.0028811930678784847,-0.00069061951944604516,-0.11324577033519745,-0.00038866576505824924,0.59800302982330322,-0.00067900173598900437,0.0031487829983234406,-2.9568836907856166e-05,0.0053801210597157478,0.055685620754957199,0.014152745716273785,0,0
